FRAMES = 10
HIGH = 8.52754
LOW = 7.15522
AVG = 7.95117
